---
generation: 6
last_run_time: 1294777437.57247
tests:
  t/00-load.t:
    elapsed: 0.0146009922027588
    gen: 6
    last_fail_time: 1294777408.59254
    last_pass_time: 1294777436.58974
    last_result: 0
    last_run_time: 1294777436.58974
    last_todo: 0
    mtime: 1293233916
    seq: 18
    total_failures: 2
    total_passes: 2
  t/01-Reader.t:
    elapsed: 0.0153779983520508
    gen: 6
    last_fail_time: 1294777437.56665
    last_result: 1
    last_run_time: 1294777437.56665
    last_todo: 0
    mtime: 1294777372
    seq: 20
    total_failures: 4
  t/boilerplate.t:
    elapsed: 0.0415430068969727
    gen: 6
    last_pass_time: 1294777436.31437
    last_result: 0
    last_run_time: 1294777436.31437
    last_todo: 3
    mtime: 1293233916
    seq: 16
    total_passes: 4
  t/pod-coverage.t:
    elapsed: 0.0881001949310303
    gen: 6
    last_fail_time: 1294777436.80991
    last_result: 6
    last_run_time: 1294777436.80991
    last_todo: 0
    mtime: 1293233916
    seq: 19
    total_failures: 4
  t/pod.t:
    elapsed: 0.0547118186950684
    gen: 6
    last_pass_time: 1294777436.53392
    last_result: 0
    last_run_time: 1294777436.53392
    last_todo: 0
    mtime: 1293233916
    seq: 17
    total_passes: 4
version: 1
...
